h:
[0, 17488, 16758, 16599, 16285, 16094, 15505, 15417, 14832, 14450, 13893, 13926, 13437, 12833, 12741, 12533, 11504, 11342, 10503, 10550, 10319, 975, 1007, 892, 893, 660, 743, 267, 344, 264, 339, 208, 216, 242, 172, 74, 49, 119, 113, 119, 1, 106, 2]
[0, 17488, 16758, 16599, 16285, 16094, 15505, 15417, 14832, 14450, 13893, 13926, 13437, 12833, 12741, 12533, 11504, 11342, 10503, 10550, 10319, 975, 1007, 892, 893, 660, 743, 267, 344, 264, 339, 208, 216, 242, 172, 74, 49, 119, 113, 119, 1, 104]
[0, 17488, 16758, 16599, 16285, 16094, 15505, 15417, 14832, 14450, 13893, 13926, 13437, 12833, 12741, 12533, 11504, 11342, 10503, 10550, 10319, 975, 1007, 892, 893, 660, 743, 267, 344, 264, 339, 208, 216, 242, 172, 74, 49, 119, 113, 119, 1]

t:
[0, 17488, 16758, 16599, 16285, 16094, 15505, 15417, 14832, 14450, 13893, 13926, 13437, 12833, 12741, 12533, 11504, 11342, 10503, 10550, 10319, 975, 1007, 892, 893, 660, 743, 267, 344, 264, 339, 208, 216, 242, 172, 74, 49, 119, 113, 2, 119, 3]
[0, 17488, 16758, 16599, 16285, 16094, 15505, 15417, 14832, 14450, 13893, 13926, 13437, 12833, 12741, 12533, 11504, 11342, 10503, 10550, 10319, 975, 1007, 892, 893, 660, 743, 267, 344, 264, 339, 208, 216, 242, 172, 74, 49, 119, 113, 2, 116]
[0, 17488, 16758, 16599, 16285, 16094, 15505, 15417, 14832, 14450, 13893, 13926, 13437, 12833, 12741, 12533, 11504, 11342, 10503, 10550, 10319, 975, 1007, 892, 893, 660, 743, 267, 344, 264, 339, 208, 216, 242, 172, 74, 49, 119, 113, 2]
--
[0, 17488, 16758, 16599, 16285, 16094, 15505, 15417, 14832, 14450, 13893, 13926, 13437, 12833, 12741, 12533, 11504, 11342, 10503, 10550, 10319, 975, 1007, 892, 893, 660, 743, 267, 344, 264, 339, 208, 216, 242, 172, 74, 49, 119, 3, 113, 5]
[0, 17488, 16758, 16599, 16285, 16094, 15505, 15417, 14832, 14450, 13893, 13926, 13437, 12833, 12741, 12533, 11504, 11342, 10503, 10550, 10319, 975, 1007, 892, 893, 660, 743, 267, 344, 264, 339, 208, 216, 242, 172, 74, 49, 119, 3, 116]
[0, 17488, 16758, 16599, 16285, 16094, 15505, 15417, 14832, 14450, 13893, 13926, 13437, 12833, 12741, 12533, 11504, 11342, 10503, 10550, 10319, 975, 1007, 892, 893, 660, 743, 267, 344, 264, 339, 208, 216, 242, 172, 74, 49, 119, 3]
--

p:
[0, 17488, 16758, 16599, 16285, 16094, 15505, 15417, 14832, 14450, 13893, 13926, 13437, 12833, 12741, 12533, 11504, 11342, 10503, 10550, 10319, 975, 1007, 892, 893, 660, 743, 267, 344, 264, 339, 208, 216, 242, 172, 74, 49, 4, 119, 7]
[0, 17488, 16758, 16599, 16285, 16094, 15505, 15417, 14832, 14450, 13893, 13926, 13437, 12833, 12741, 12533, 11504, 11342, 10503, 10550, 10319, 975, 1007, 892, 893, 660, 743, 267, 344, 264, 339, 208, 216, 242, 172, 74, 49, 4, 112]
[0, 17488, 16758, 16599, 16285, 16094, 15505, 15417, 14832, 14450, 13893, 13926, 13437, 12833, 12741, 12533, 11504, 11342, 10503, 10550, 10319, 975, 1007, 892, 893, 660, 743, 267, 344, 264, 339, 208, 216, 242, 172, 74, 49, 4]

:
[0, 17488, 16758, 16599, 16285, 16094, 15505, 15417, 14832, 14450, 13893, 13926, 13437, 12833, 12741, 12533, 11504, 11342, 10503, 10550, 10319, 975, 1007, 892, 893, 660, 743, 267, 344, 264, 339, 208, 216, 242, 172, 74, 5, 49, 11]
[0, 17488, 16758, 16599, 16285, 16094, 15505, 15417, 14832, 14450, 13893, 13926, 13437, 12833, 12741, 12533, 11504, 11342, 10503, 10550, 10319, 975, 1007, 892, 893, 660, 743, 267, 344, 264, 339, 208, 216, 242, 172, 74, 5, 58]
[0, 17488, 16758, 16599, 16285, 16094, 15505, 15417, 14832, 14450, 13893, 13926, 13437, 12833, 12741, 12533, 11504, 11342, 10503, 10550, 10319, 975, 1007, 892, 893, 660, 743, 267, 344, 264, 339, 208, 216, 242, 172, 74, 5]

/
[0, 17488, 16758, 16599, 16285, 16094, 15505, 15417, 14832, 14450, 13893, 13926, 13437, 12833, 12741, 12533, 11504, 11342, 10503, 10550, 10319, 975, 1007, 892, 893, 660, 743, 267, 344, 264, 339, 208, 216, 242, 172, 6, 74, 101]
[0, 17488, 16758, 16599, 16285, 16094, 15505, 15417, 14832, 14450, 13893, 13926, 13437, 12833, 12741, 12533, 11504, 11342, 10503, 10550, 10319, 975, 1007, 892, 893, 660, 743, 267, 344, 264, 339, 208, 216, 242, 172, 6, 47]
[0, 17488, 16758, 16599, 16285, 16094, 15505, 15417, 14832, 14450, 13893, 13926, 13437, 12833, 12741, 12533, 11504, 11342, 10503, 10550, 10319, 975, 1007, 892, 893, 660, 743, 267, 344, 264, 339, 208, 216, 242, 172, 6]
--
[0, 17488, 16758, 16599, 16285, 16094, 15505, 15417, 14832, 14450, 13893, 13926, 13437, 12833, 12741, 12533, 11504, 11342, 10503, 10550, 10319, 975, 1007, 892, 893, 660, 743, 267, 344, 264, 339, 208, 216, 242, 7, 172, 131]
[0, 17488, 16758, 16599, 16285, 16094, 15505, 15417, 14832, 14450, 13893, 13926, 13437, 12833, 12741, 12533, 11504, 11342, 10503, 10550, 10319, 975, 1007, 892, 893, 660, 743, 267, 344, 264, 339, 208, 216, 242, 7, 47]
[0, 17488, 16758, 16599, 16285, 16094, 15505, 15417, 14832, 14450, 13893, 13926, 13437, 12833, 12741, 12533, 11504, 11342, 10503, 10550, 10319, 975, 1007, 892, 893, 660, 743, 267, 344, 264, 339, 208, 216, 242, 7]










t:
[0, 17488, 16758, 16599, 16285, 16094, 15505, 15417, 14832, 14450, 13893, 13926, 13437, 12833, 12741, 12533, 11504, 11342, 10503, 10550, 10319, 975, 1007, 892, 893, 660, 743, 14, 267, 383]
[0, 17488, 16758, 16599, 16285, 16094, 15505, 15417, 14832, 14450, 13893, 13926, 13437, 12833, 12741, 12533, 11504, 11342, 10503, 10550, 10319, 975, 1007, 892, 893, 660, 743, 14, 116]
[0, 17488, 16758, 16599, 16285, 16094, 15505, 15417, 14832, 14450, 13893, 13926, 13437, 12833, 12741, 12533, 11504, 11342, 10503, 10550, 10319, 975, 1007, 892, 893, 660, 743, 14]


